Time:0
Waiting clients: (47, 2 ,6),  (16, 3 ,3),  (13, 4 ,4),  (19, 4 ,2),  (5, 6 ,3),  (22, 6 ,4),  (45, 9 ,6),  (1, 11 ,1),  (23, 11 ,1),  (10, 12 ,4),  (36, 12 ,1),  (39, 13 ,1),  (4, 15 ,1),  (37, 16 ,2),  (2, 17 ,5),  (48, 17 ,1),  (12, 18 ,2),  (24, 18 ,1),  (42, 20 ,2),  (21, 21 ,5),  (6, 23 ,5),  (28, 24 ,1),  (34, 24 ,5),  (30, 25 ,3),  (26, 26 ,4),  (32, 26 ,5),  (3, 27 ,1),  (14, 27 ,3),  (17, 27 ,1),  (20, 27 ,1),  (27, 27 ,5),  (44, 29 ,2),  (8, 30 ,5),  (40, 31 ,5),  (15, 32 ,5),  (25, 33 ,1),  (43, 33 ,4),  (31, 34 ,5),  (33, 34 ,5),  (7, 36 ,1),  (46, 36 ,4),  (29, 37 ,4),  (11, 38 ,1),  (18, 38 ,2),  (38, 38 ,4),  (41, 38 ,6),  (49, 38 ,3),  (50, 38 ,1),  (9, 39 ,1),  (35, 39 ,5),  
Time:1
Waiting clients: (47, 2 ,6),  (16, 3 ,3),  (13, 4 ,4),  (19, 4 ,2),  (5, 6 ,3),  (22, 6 ,4),  (45, 9 ,6),  (1, 11 ,1),  (23, 11 ,1),  (10, 12 ,4),  (36, 12 ,1),  (39, 13 ,1),  (4, 15 ,1),  (37, 16 ,2),  (2, 17 ,5),  (48, 17 ,1),  (12, 18 ,2),  (24, 18 ,1),  (42, 20 ,2),  (21, 21 ,5),  (6, 23 ,5),  (28, 24 ,1),  (34, 24 ,5),  (30, 25 ,3),  (26, 26 ,4),  (32, 26 ,5),  (3, 27 ,1),  (14, 27 ,3),  (17, 27 ,1),  (20, 27 ,1),  (27, 27 ,5),  (44, 29 ,2),  (8, 30 ,5),  (40, 31 ,5),  (15, 32 ,5),  (25, 33 ,1),  (43, 33 ,4),  (31, 34 ,5),  (33, 34 ,5),  (7, 36 ,1),  (46, 36 ,4),  (29, 37 ,4),  (11, 38 ,1),  (18, 38 ,2),  (38, 38 ,4),  (41, 38 ,6),  (49, 38 ,3),  (50, 38 ,1),  (9, 39 ,1),  (35, 39 ,5),  
Time:2
Waiting clients: (47, 2 ,6),  (16, 3 ,3),  (13, 4 ,4),  (19, 4 ,2),  (5, 6 ,3),  (22, 6 ,4),  (45, 9 ,6),  (1, 11 ,1),  (23, 11 ,1),  (10, 12 ,4),  (36, 12 ,1),  (39, 13 ,1),  (4, 15 ,1),  (37, 16 ,2),  (2, 17 ,5),  (48, 17 ,1),  (12, 18 ,2),  (24, 18 ,1),  (42, 20 ,2),  (21, 21 ,5),  (6, 23 ,5),  (28, 24 ,1),  (34, 24 ,5),  (30, 25 ,3),  (26, 26 ,4),  (32, 26 ,5),  (3, 27 ,1),  (14, 27 ,3),  (17, 27 ,1),  (20, 27 ,1),  (27, 27 ,5),  (44, 29 ,2),  (8, 30 ,5),  (40, 31 ,5),  (15, 32 ,5),  (25, 33 ,1),  (43, 33 ,4),  (31, 34 ,5),  (33, 34 ,5),  (7, 36 ,1),  (46, 36 ,4),  (29, 37 ,4),  (11, 38 ,1),  (18, 38 ,2),  (38, 38 ,4),  (41, 38 ,6),  (49, 38 ,3),  (50, 38 ,1),  (9, 39 ,1),  (35, 39 ,5),  
Queue1: (47, 2 ,6),   
Time:3
Waiting clients: (16, 3 ,3),  (13, 4 ,4),  (19, 4 ,2),  (5, 6 ,3),  (22, 6 ,4),  (45, 9 ,6),  (1, 11 ,1),  (23, 11 ,1),  (10, 12 ,4),  (36, 12 ,1),  (39, 13 ,1),  (4, 15 ,1),  (37, 16 ,2),  (2, 17 ,5),  (48, 17 ,1),  (12, 18 ,2),  (24, 18 ,1),  (42, 20 ,2),  (21, 21 ,5),  (6, 23 ,5),  (28, 24 ,1),  (34, 24 ,5),  (30, 25 ,3),  (26, 26 ,4),  (32, 26 ,5),  (3, 27 ,1),  (14, 27 ,3),  (17, 27 ,1),  (20, 27 ,1),  (27, 27 ,5),  (44, 29 ,2),  (8, 30 ,5),  (40, 31 ,5),  (15, 32 ,5),  (25, 33 ,1),  (43, 33 ,4),  (31, 34 ,5),  (33, 34 ,5),  (7, 36 ,1),  (46, 36 ,4),  (29, 37 ,4),  (11, 38 ,1),  (18, 38 ,2),  (38, 38 ,4),  (41, 38 ,6),  (49, 38 ,3),  (50, 38 ,1),  (9, 39 ,1),  (35, 39 ,5),  
Queue2: (16, 3 ,3),   
Queue1: (47, 2 ,5),   
Time:4
Waiting clients: (13, 4 ,4),  (19, 4 ,2),  (5, 6 ,3),  (22, 6 ,4),  (45, 9 ,6),  (1, 11 ,1),  (23, 11 ,1),  (10, 12 ,4),  (36, 12 ,1),  (39, 13 ,1),  (4, 15 ,1),  (37, 16 ,2),  (2, 17 ,5),  (48, 17 ,1),  (12, 18 ,2),  (24, 18 ,1),  (42, 20 ,2),  (21, 21 ,5),  (6, 23 ,5),  (28, 24 ,1),  (34, 24 ,5),  (30, 25 ,3),  (26, 26 ,4),  (32, 26 ,5),  (3, 27 ,1),  (14, 27 ,3),  (17, 27 ,1),  (20, 27 ,1),  (27, 27 ,5),  (44, 29 ,2),  (8, 30 ,5),  (40, 31 ,5),  (15, 32 ,5),  (25, 33 ,1),  (43, 33 ,4),  (31, 34 ,5),  (33, 34 ,5),  (7, 36 ,1),  (46, 36 ,4),  (29, 37 ,4),  (11, 38 ,1),  (18, 38 ,2),  (38, 38 ,4),  (41, 38 ,6),  (49, 38 ,3),  (50, 38 ,1),  (9, 39 ,1),  (35, 39 ,5),  
Queue3:Queue4: (19, 4 ,2),   
 (13, 4 ,4),   
Queue2: (16, 3 ,2),   
Queue1: (47, 2 ,4),   
Time:5
Waiting clients: (5, 6 ,3),  (22, 6 ,4),  (45, 9 ,6),  (1, 11 ,1),  (23, 11 ,1),  (10, 12 ,4),  (36, 12 ,1),  (39, 13 ,1),  (4, 15 ,1),  (37, 16 ,2),  (2, 17 ,5),  (48, 17 ,1),  (12, 18 ,2),  (24, 18 ,1),  (42, 20 ,2),  (21, 21 ,5),  (6, 23 ,5),  (28, 24 ,1),  (34, 24 ,5),  (30, 25 ,3),  (26, 26 ,4),  (32, 26 ,5),  (3, 27 ,1),  (14, 27 ,3),  (17, 27 ,1),  (20, 27 ,1),  (27, 27 ,5),  (44, 29 ,2),  (8, 30 ,5),  (40, 31 ,5),  (15, 32 ,5),  (25, 33 ,1),  (43, 33 ,4),  (31, 34 ,5),  (33, 34 ,5),  (7, 36 ,1),  (46, 36 ,4),  (29, 37 ,4),  (11, 38 ,1),  (18, 38 ,2),  (38, 38 ,4),  (41, 38 ,6),  (49, 38 ,3),  (50, 38 ,1),  (9, 39 ,1),  (35, 39 ,5),  
Queue4:Queue3: (19, 4 ,1),   
 (13, 4 ,3),   
Queue2: (16, 3 ,1),   
Queue1: (47, 2 ,3),   
Time:6
Waiting clients: (5, 6 ,3),  (22, 6 ,4),  (45, 9 ,6),  (1, 11 ,1),  (23, 11 ,1),  (10, 12 ,4),  (36, 12 ,1),  (39, 13 ,1),  (4, 15 ,1),  (37, 16 ,2),  (2, 17 ,5),  (48, 17 ,1),  (12, 18 ,2),  (24, 18 ,1),  (42, 20 ,2),  (21, 21 ,5),  (6, 23 ,5),  (28, 24 ,1),  (34, 24 ,5),  (30, 25 ,3),  (26, 26 ,4),  (32, 26 ,5),  (3, 27 ,1),  (14, 27 ,3),  (17, 27 ,1),  (20, 27 ,1),  (27, 27 ,5),  (44, 29 ,2),  (8, 30 ,5),  (40, 31 ,5),  (15, 32 ,5),  (25, 33 ,1),  (43, 33 ,4),  (31, 34 ,5),  (33, 34 ,5),  (7, 36 ,1),  (46, 36 ,4),  (29, 37 ,4),  (11, 38 ,1),  (18, 38 ,2),  (38, 38 ,4),  (41, 38 ,6),  (49, 38 ,3),  (50, 38 ,1),  (9, 39 ,1),  (35, 39 ,5),  
Queue3:Queue4: (13, 4 ,2),   
 (22, 6 ,4),   
Queue2: (5, 6 ,3),   
Queue1: (47, 2 ,2),   
Time:7
Waiting clients: (45, 9 ,6),  (1, 11 ,1),  (23, 11 ,1),  (10, 12 ,4),  (36, 12 ,1),  (39, 13 ,1),  (4, 15 ,1),  (37, 16 ,2),  (2, 17 ,5),  (48, 17 ,1),  (12, 18 ,2),  (24, 18 ,1),  (42, 20 ,2),  (21, 21 ,5),  (6, 23 ,5),  (28, 24 ,1),  (34, 24 ,5),  (30, 25 ,3),  (26, 26 ,4),  (32, 26 ,5),  (3, 27 ,1),  (14, 27 ,3),  (17, 27 ,1),  (20, 27 ,1),  (27, 27 ,5),  (44, 29 ,2),  (8, 30 ,5),  (40, 31 ,5),  (15, 32 ,5),  (25, 33 ,1),  (43, 33 ,4),  (31, 34 ,5),  (33, 34 ,5),  (7, 36 ,1),  (46, 36 ,4),  (29, 37 ,4),  (11, 38 ,1),  (18, 38 ,2),  (38, 38 ,4),  (41, 38 ,6),  (49, 38 ,3),  (50, 38 ,1),  (9, 39 ,1),  (35, 39 ,5),  
Queue3:Queue4: (13, 4 ,1),   
 (22, 6 ,3),   
Queue2: (5, 6 ,2),   
Queue1: (47, 2 ,1),   
Time:8
Waiting clients: (45, 9 ,6),  (1, 11 ,1),  (23, 11 ,1),  (10, 12 ,4),  (36, 12 ,1),  (39, 13 ,1),  (4, 15 ,1),  (37, 16 ,2),  (2, 17 ,5),  (48, 17 ,1),  (12, 18 ,2),  (24, 18 ,1),  (42, 20 ,2),  (21, 21 ,5),  (6, 23 ,5),  (28, 24 ,1),  (34, 24 ,5),  (30, 25 ,3),  (26, 26 ,4),  (32, 26 ,5),  (3, 27 ,1),  (14, 27 ,3),  (17, 27 ,1),  (20, 27 ,1),  (27, 27 ,5),  (44, 29 ,2),  (8, 30 ,5),  (40, 31 ,5),  (15, 32 ,5),  (25, 33 ,1),  (43, 33 ,4),  (31, 34 ,5),  (33, 34 ,5),  (7, 36 ,1),  (46, 36 ,4),  (29, 37 ,4),  (11, 38 ,1),  (18, 38 ,2),  (38, 38 ,4),  (41, 38 ,6),  (49, 38 ,3),  (50, 38 ,1),  (9, 39 ,1),  (35, 39 ,5),  
Queue4: (22, 6 ,2),   
Queue2: (5, 6 ,1),   
Time:9
Waiting clients: (45, 9 ,6),  (1, 11 ,1),  (23, 11 ,1),  (10, 12 ,4),  (36, 12 ,1),  (39, 13 ,1),  (4, 15 ,1),  (37, 16 ,2),  (2, 17 ,5),  (48, 17 ,1),  (12, 18 ,2),  (24, 18 ,1),  (42, 20 ,2),  (21, 21 ,5),  (6, 23 ,5),  (28, 24 ,1),  (34, 24 ,5),  (30, 25 ,3),  (26, 26 ,4),  (32, 26 ,5),  (3, 27 ,1),  (14, 27 ,3),  (17, 27 ,1),  (20, 27 ,1),  (27, 27 ,5),  (44, 29 ,2),  (8, 30 ,5),  (40, 31 ,5),  (15, 32 ,5),  (25, 33 ,1),  (43, 33 ,4),  (31, 34 ,5),  (33, 34 ,5),  (7, 36 ,1),  (46, 36 ,4),  (29, 37 ,4),  (11, 38 ,1),  (18, 38 ,2),  (38, 38 ,4),  (41, 38 ,6),  (49, 38 ,3),  (50, 38 ,1),  (9, 39 ,1),  (35, 39 ,5),  
Queue1: (45, 9 ,6),   
Queue4: (22, 6 ,1),   
Time:10
Waiting clients: (1, 11 ,1),  (23, 11 ,1),  (10, 12 ,4),  (36, 12 ,1),  (39, 13 ,1),  (4, 15 ,1),  (37, 16 ,2),  (2, 17 ,5),  (48, 17 ,1),  (12, 18 ,2),  (24, 18 ,1),  (42, 20 ,2),  (21, 21 ,5),  (6, 23 ,5),  (28, 24 ,1),  (34, 24 ,5),  (30, 25 ,3),  (26, 26 ,4),  (32, 26 ,5),  (3, 27 ,1),  (14, 27 ,3),  (17, 27 ,1),  (20, 27 ,1),  (27, 27 ,5),  (44, 29 ,2),  (8, 30 ,5),  (40, 31 ,5),  (15, 32 ,5),  (25, 33 ,1),  (43, 33 ,4),  (31, 34 ,5),  (33, 34 ,5),  (7, 36 ,1),  (46, 36 ,4),  (29, 37 ,4),  (11, 38 ,1),  (18, 38 ,2),  (38, 38 ,4),  (41, 38 ,6),  (49, 38 ,3),  (50, 38 ,1),  (9, 39 ,1),  (35, 39 ,5),  
Queue1: (45, 9 ,5),   
Time:11
Waiting clients: (1, 11 ,1),  (23, 11 ,1),  (10, 12 ,4),  (36, 12 ,1),  (39, 13 ,1),  (4, 15 ,1),  (37, 16 ,2),  (2, 17 ,5),  (48, 17 ,1),  (12, 18 ,2),  (24, 18 ,1),  (42, 20 ,2),  (21, 21 ,5),  (6, 23 ,5),  (28, 24 ,1),  (34, 24 ,5),  (30, 25 ,3),  (26, 26 ,4),  (32, 26 ,5),  (3, 27 ,1),  (14, 27 ,3),  (17, 27 ,1),  (20, 27 ,1),  (27, 27 ,5),  (44, 29 ,2),  (8, 30 ,5),  (40, 31 ,5),  (15, 32 ,5),  (25, 33 ,1),  (43, 33 ,4),  (31, 34 ,5),  (33, 34 ,5),  (7, 36 ,1),  (46, 36 ,4),  (29, 37 ,4),  (11, 38 ,1),  (18, 38 ,2),  (38, 38 ,4),  (41, 38 ,6),  (49, 38 ,3),  (50, 38 ,1),  (9, 39 ,1),  (35, 39 ,5),  
Queue3:Queue2: (23, 11 ,1),   
 (1, 11 ,1),   
Queue1: (45, 9 ,4),   
Time:12
Waiting clients: (10, 12 ,4),  (36, 12 ,1),  (39, 13 ,1),  (4, 15 ,1),  (37, 16 ,2),  (2, 17 ,5),  (48, 17 ,1),  (12, 18 ,2),  (24, 18 ,1),  (42, 20 ,2),  (21, 21 ,5),  (6, 23 ,5),  (28, 24 ,1),  (34, 24 ,5),  (30, 25 ,3),  (26, 26 ,4),  (32, 26 ,5),  (3, 27 ,1),  (14, 27 ,3),  (17, 27 ,1),  (20, 27 ,1),  (27, 27 ,5),  (44, 29 ,2),  (8, 30 ,5),  (40, 31 ,5),  (15, 32 ,5),  (25, 33 ,1),  (43, 33 ,4),  (31, 34 ,5),  (33, 34 ,5),  (7, 36 ,1),  (46, 36 ,4),  (29, 37 ,4),  (11, 38 ,1),  (18, 38 ,2),  (38, 38 ,4),  (41, 38 ,6),  (49, 38 ,3),  (50, 38 ,1),  (9, 39 ,1),  (35, 39 ,5),  
Queue3:Queue2: (36, 12 ,1),   
 (10, 12 ,4),   
Queue1: (45, 9 ,3),   
Time:13
Waiting clients: (39, 13 ,1),  (4, 15 ,1),  (37, 16 ,2),  (2, 17 ,5),  (48, 17 ,1),  (12, 18 ,2),  (24, 18 ,1),  (42, 20 ,2),  (21, 21 ,5),  (6, 23 ,5),  (28, 24 ,1),  (34, 24 ,5),  (30, 25 ,3),  (26, 26 ,4),  (32, 26 ,5),  (3, 27 ,1),  (14, 27 ,3),  (17, 27 ,1),  (20, 27 ,1),  (27, 27 ,5),  (44, 29 ,2),  (8, 30 ,5),  (40, 31 ,5),  (15, 32 ,5),  (25, 33 ,1),  (43, 33 ,4),  (31, 34 ,5),  (33, 34 ,5),  (7, 36 ,1),  (46, 36 ,4),  (29, 37 ,4),  (11, 38 ,1),  (18, 38 ,2),  (38, 38 ,4),  (41, 38 ,6),  (49, 38 ,3),  (50, 38 ,1),  (9, 39 ,1),  (35, 39 ,5),  
Queue2:Queue3: (10, 12 ,3),   
 (39, 13 ,1),   
Queue1: (45, 9 ,2),   
Time:14
Waiting clients: (4, 15 ,1),  (37, 16 ,2),  (2, 17 ,5),  (48, 17 ,1),  (12, 18 ,2),  (24, 18 ,1),  (42, 20 ,2),  (21, 21 ,5),  (6, 23 ,5),  (28, 24 ,1),  (34, 24 ,5),  (30, 25 ,3),  (26, 26 ,4),  (32, 26 ,5),  (3, 27 ,1),  (14, 27 ,3),  (17, 27 ,1),  (20, 27 ,1),  (27, 27 ,5),  (44, 29 ,2),  (8, 30 ,5),  (40, 31 ,5),  (15, 32 ,5),  (25, 33 ,1),  (43, 33 ,4),  (31, 34 ,5),  (33, 34 ,5),  (7, 36 ,1),  (46, 36 ,4),  (29, 37 ,4),  (11, 38 ,1),  (18, 38 ,2),  (38, 38 ,4),  (41, 38 ,6),  (49, 38 ,3),  (50, 38 ,1),  (9, 39 ,1),  (35, 39 ,5),  
Queue2: (10, 12 ,2),   
Queue1: (45, 9 ,1),   
Time:15
Waiting clients: (4, 15 ,1),  (37, 16 ,2),  (2, 17 ,5),  (48, 17 ,1),  (12, 18 ,2),  (24, 18 ,1),  (42, 20 ,2),  (21, 21 ,5),  (6, 23 ,5),  (28, 24 ,1),  (34, 24 ,5),  (30, 25 ,3),  (26, 26 ,4),  (32, 26 ,5),  (3, 27 ,1),  (14, 27 ,3),  (17, 27 ,1),  (20, 27 ,1),  (27, 27 ,5),  (44, 29 ,2),  (8, 30 ,5),  (40, 31 ,5),  (15, 32 ,5),  (25, 33 ,1),  (43, 33 ,4),  (31, 34 ,5),  (33, 34 ,5),  (7, 36 ,1),  (46, 36 ,4),  (29, 37 ,4),  (11, 38 ,1),  (18, 38 ,2),  (38, 38 ,4),  (41, 38 ,6),  (49, 38 ,3),  (50, 38 ,1),  (9, 39 ,1),  (35, 39 ,5),  
Queue2: (10, 12 ,1),   
Queue1: (4, 15 ,1),   
Time:16
Waiting clients: (37, 16 ,2),  (2, 17 ,5),  (48, 17 ,1),  (12, 18 ,2),  (24, 18 ,1),  (42, 20 ,2),  (21, 21 ,5),  (6, 23 ,5),  (28, 24 ,1),  (34, 24 ,5),  (30, 25 ,3),  (26, 26 ,4),  (32, 26 ,5),  (3, 27 ,1),  (14, 27 ,3),  (17, 27 ,1),  (20, 27 ,1),  (27, 27 ,5),  (44, 29 ,2),  (8, 30 ,5),  (40, 31 ,5),  (15, 32 ,5),  (25, 33 ,1),  (43, 33 ,4),  (31, 34 ,5),  (33, 34 ,5),  (7, 36 ,1),  (46, 36 ,4),  (29, 37 ,4),  (11, 38 ,1),  (18, 38 ,2),  (38, 38 ,4),  (41, 38 ,6),  (49, 38 ,3),  (50, 38 ,1),  (9, 39 ,1),  (35, 39 ,5),  
Queue1: (37, 16 ,2),   
Time:17
Waiting clients: (2, 17 ,5),  (48, 17 ,1),  (12, 18 ,2),  (24, 18 ,1),  (42, 20 ,2),  (21, 21 ,5),  (6, 23 ,5),  (28, 24 ,1),  (34, 24 ,5),  (30, 25 ,3),  (26, 26 ,4),  (32, 26 ,5),  (3, 27 ,1),  (14, 27 ,3),  (17, 27 ,1),  (20, 27 ,1),  (27, 27 ,5),  (44, 29 ,2),  (8, 30 ,5),  (40, 31 ,5),  (15, 32 ,5),  (25, 33 ,1),  (43, 33 ,4),  (31, 34 ,5),  (33, 34 ,5),  (7, 36 ,1),  (46, 36 ,4),  (29, 37 ,4),  (11, 38 ,1),  (18, 38 ,2),  (38, 38 ,4),  (41, 38 ,6),  (49, 38 ,3),  (50, 38 ,1),  (9, 39 ,1),  (35, 39 ,5),  
Queue3: (48, 17 ,1),   
Queue2: (2, 17 ,5),   
Queue1: (37, 16 ,1),   
Time:18
Waiting clients: (12, 18 ,2),  (24, 18 ,1),  (42, 20 ,2),  (21, 21 ,5),  (6, 23 ,5),  (28, 24 ,1),  (34, 24 ,5),  (30, 25 ,3),  (26, 26 ,4),  (32, 26 ,5),  (3, 27 ,1),  (14, 27 ,3),  (17, 27 ,1),  (20, 27 ,1),  (27, 27 ,5),  (44, 29 ,2),  (8, 30 ,5),  (40, 31 ,5),  (15, 32 ,5),  (25, 33 ,1),  (43, 33 ,4),  (31, 34 ,5),  (33, 34 ,5),  (7, 36 ,1),  (46, 36 ,4),  (29, 37 ,4),  (11, 38 ,1),  (18, 38 ,2),  (38, 38 ,4),  (41, 38 ,6),  (49, 38 ,3),  (50, 38 ,1),  (9, 39 ,1),  (35, 39 ,5),  
Queue3: (24, 18 ,1),   
Queue2: (2, 17 ,4),   
Time:19
Waiting clients: (42, 20 ,2),  (21, 21 ,5),  (6, 23 ,5),  (28, 24 ,1),  (34, 24 ,5),  (30, 25 ,3),  (26, 26 ,4),  (32, 26 ,5),  (3, 27 ,1),  (14, 27 ,3),  (17, 27 ,1),  (20, 27 ,1),  (27, 27 ,5),  (44, 29 ,2),  (8, 30 ,5),  (40, 31 ,5),  (15, 32 ,5),  (25, 33 ,1),  (43, 33 ,4),  (31, 34 ,5),  (33, 34 ,5),  (7, 36 ,1),  (46, 36 ,4),  (29, 37 ,4),  (11, 38 ,1),  (18, 38 ,2),  (38, 38 ,4),  (41, 38 ,6),  (49, 38 ,3),  (50, 38 ,1),  (9, 39 ,1),  (35, 39 ,5),  
Queue1: (12, 18 ,2),   
Queue2: (2, 17 ,3),   
Time:20
Waiting clients: (42, 20 ,2),  (21, 21 ,5),  (6, 23 ,5),  (28, 24 ,1),  (34, 24 ,5),  (30, 25 ,3),  (26, 26 ,4),  (32, 26 ,5),  (3, 27 ,1),  (14, 27 ,3),  (17, 27 ,1),  (20, 27 ,1),  (27, 27 ,5),  (44, 29 ,2),  (8, 30 ,5),  (40, 31 ,5),  (15, 32 ,5),  (25, 33 ,1),  (43, 33 ,4),  (31, 34 ,5),  (33, 34 ,5),  (7, 36 ,1),  (46, 36 ,4),  (29, 37 ,4),  (11, 38 ,1),  (18, 38 ,2),  (38, 38 ,4),  (41, 38 ,6),  (49, 38 ,3),  (50, 38 ,1),  (9, 39 ,1),  (35, 39 ,5),  
Queue3: (42, 20 ,2),   
Queue1: (12, 18 ,1),   
Queue2: (2, 17 ,2),   
Time:21
Waiting clients: (21, 21 ,5),  (6, 23 ,5),  (28, 24 ,1),  (34, 24 ,5),  (30, 25 ,3),  (26, 26 ,4),  (32, 26 ,5),  (3, 27 ,1),  (14, 27 ,3),  (17, 27 ,1),  (20, 27 ,1),  (27, 27 ,5),  (44, 29 ,2),  (8, 30 ,5),  (40, 31 ,5),  (15, 32 ,5),  (25, 33 ,1),  (43, 33 ,4),  (31, 34 ,5),  (33, 34 ,5),  (7, 36 ,1),  (46, 36 ,4),  (29, 37 ,4),  (11, 38 ,1),  (18, 38 ,2),  (38, 38 ,4),  (41, 38 ,6),  (49, 38 ,3),  (50, 38 ,1),  (9, 39 ,1),  (35, 39 ,5),  
Queue3: (42, 20 ,1),   
Queue1: (21, 21 ,5),   
Queue2: (2, 17 ,1),   
Time:22
Waiting clients: (6, 23 ,5),  (28, 24 ,1),  (34, 24 ,5),  (30, 25 ,3),  (26, 26 ,4),  (32, 26 ,5),  (3, 27 ,1),  (14, 27 ,3),  (17, 27 ,1),  (20, 27 ,1),  (27, 27 ,5),  (44, 29 ,2),  (8, 30 ,5),  (40, 31 ,5),  (15, 32 ,5),  (25, 33 ,1),  (43, 33 ,4),  (31, 34 ,5),  (33, 34 ,5),  (7, 36 ,1),  (46, 36 ,4),  (29, 37 ,4),  (11, 38 ,1),  (18, 38 ,2),  (38, 38 ,4),  (41, 38 ,6),  (49, 38 ,3),  (50, 38 ,1),  (9, 39 ,1),  (35, 39 ,5),  
Queue1: (21, 21 ,4),   
Time:23
Waiting clients: (6, 23 ,5),  (28, 24 ,1),  (34, 24 ,5),  (30, 25 ,3),  (26, 26 ,4),  (32, 26 ,5),  (3, 27 ,1),  (14, 27 ,3),  (17, 27 ,1),  (20, 27 ,1),  (27, 27 ,5),  (44, 29 ,2),  (8, 30 ,5),  (40, 31 ,5),  (15, 32 ,5),  (25, 33 ,1),  (43, 33 ,4),  (31, 34 ,5),  (33, 34 ,5),  (7, 36 ,1),  (46, 36 ,4),  (29, 37 ,4),  (11, 38 ,1),  (18, 38 ,2),  (38, 38 ,4),  (41, 38 ,6),  (49, 38 ,3),  (50, 38 ,1),  (9, 39 ,1),  (35, 39 ,5),  
Queue2: (6, 23 ,5),   
Queue1: (21, 21 ,3),   
Time:24
Waiting clients: (28, 24 ,1),  (34, 24 ,5),  (30, 25 ,3),  (26, 26 ,4),  (32, 26 ,5),  (3, 27 ,1),  (14, 27 ,3),  (17, 27 ,1),  (20, 27 ,1),  (27, 27 ,5),  (44, 29 ,2),  (8, 30 ,5),  (40, 31 ,5),  (15, 32 ,5),  (25, 33 ,1),  (43, 33 ,4),  (31, 34 ,5),  (33, 34 ,5),  (7, 36 ,1),  (46, 36 ,4),  (29, 37 ,4),  (11, 38 ,1),  (18, 38 ,2),  (38, 38 ,4),  (41, 38 ,6),  (49, 38 ,3),  (50, 38 ,1),  (9, 39 ,1),  (35, 39 ,5),  
Queue4:Queue3: (34, 24 ,5),   
 (28, 24 ,1),   
Queue2: (6, 23 ,4),   
Queue1: (21, 21 ,2),   
Time:25
Waiting clients: (30, 25 ,3),  (26, 26 ,4),  (32, 26 ,5),  (3, 27 ,1),  (14, 27 ,3),  (17, 27 ,1),  (20, 27 ,1),  (27, 27 ,5),  (44, 29 ,2),  (8, 30 ,5),  (40, 31 ,5),  (15, 32 ,5),  (25, 33 ,1),  (43, 33 ,4),  (31, 34 ,5),  (33, 34 ,5),  (7, 36 ,1),  (46, 36 ,4),  (29, 37 ,4),  (11, 38 ,1),  (18, 38 ,2),  (38, 38 ,4),  (41, 38 ,6),  (49, 38 ,3),  (50, 38 ,1),  (9, 39 ,1),  (35, 39 ,5),  
Queue4:Queue3: (34, 24 ,4),   
 (30, 25 ,3),   
Queue2: (6, 23 ,3),   
Queue1: (21, 21 ,1),   
Time:26
Waiting clients: (26, 26 ,4),  (32, 26 ,5),  (3, 27 ,1),  (14, 27 ,3),  (17, 27 ,1),  (20, 27 ,1),  (27, 27 ,5),  (44, 29 ,2),  (8, 30 ,5),  (40, 31 ,5),  (15, 32 ,5),  (25, 33 ,1),  (43, 33 ,4),  (31, 34 ,5),  (33, 34 ,5),  (7, 36 ,1),  (46, 36 ,4),  (29, 37 ,4),  (11, 38 ,1),  (18, 38 ,2),  (38, 38 ,4),  (41, 38 ,6),  (49, 38 ,3),  (50, 38 ,1),  (9, 39 ,1),  (35, 39 ,5),  
Queue5: (32, 26 ,5),   
Queue4:Queue3: (34, 24 ,3),   
 (30, 25 ,2),   
Queue2: (6, 23 ,2),   
Queue1: (26, 26 ,4),   
Time:27
Waiting clients: (3, 27 ,1),  (14, 27 ,3),  (17, 27 ,1),  (20, 27 ,1),  (27, 27 ,5),  (44, 29 ,2),  (8, 30 ,5),  (40, 31 ,5),  (15, 32 ,5),  (25, 33 ,1),  (43, 33 ,4),  (31, 34 ,5),  (33, 34 ,5),  (7, 36 ,1),  (46, 36 ,4),  (29, 37 ,4),  (11, 38 ,1),  (18, 38 ,2),  (38, 38 ,4),  (41, 38 ,6),  (49, 38 ,3),  (50, 38 ,1),  (9, 39 ,1),  (35, 39 ,5),  
Queue5: (32, 26 ,4),   (27, 27 ,5),   
Queue4:Queue3: (34, 24 ,2),   (20, 27 ,1),   
 (30, 25 ,1),   (17, 27 ,1),   
Queue2: (6, 23 ,1),   (14, 27 ,3),   
Queue1: (26, 26 ,3),   (3, 27 ,1),   
Time:28
Waiting clients: (44, 29 ,2),  (8, 30 ,5),  (40, 31 ,5),  (15, 32 ,5),  (25, 33 ,1),  (43, 33 ,4),  (31, 34 ,5),  (33, 34 ,5),  (7, 36 ,1),  (46, 36 ,4),  (29, 37 ,4),  (11, 38 ,1),  (18, 38 ,2),  (38, 38 ,4),  (41, 38 ,6),  (49, 38 ,3),  (50, 38 ,1),  (9, 39 ,1),  (35, 39 ,5),  
Queue5: (32, 26 ,3),   (27, 27 ,5),   
Queue4:Queue3: (17, 27 ,1),   
 (34, 24 ,1),   (20, 27 ,1),   
Queue2: (14, 27 ,3),   
Queue1: (26, 26 ,2),   (3, 27 ,1),   
Time:29
Waiting clients: (44, 29 ,2),  (8, 30 ,5),  (40, 31 ,5),  (15, 32 ,5),  (25, 33 ,1),  (43, 33 ,4),  (31, 34 ,5),  (33, 34 ,5),  (7, 36 ,1),  (46, 36 ,4),  (29, 37 ,4),  (11, 38 ,1),  (18, 38 ,2),  (38, 38 ,4),  (41, 38 ,6),  (49, 38 ,3),  (50, 38 ,1),  (9, 39 ,1),  (35, 39 ,5),  
Queue5: (32, 26 ,2),   (27, 27 ,5),   
Queue3:Queue4: (44, 29 ,2),   
 (20, 27 ,1),   
Queue2: (14, 27 ,2),   
Time:30
Waiting clients: (8, 30 ,5),  (40, 31 ,5),  (15, 32 ,5),  (25, 33 ,1),  (43, 33 ,4),  (31, 34 ,5),  (33, 34 ,5),  (7, 36 ,1),  (46, 36 ,4),  (29, 37 ,4),  (11, 38 ,1),  (18, 38 ,2),  (38, 38 ,4),  (41, 38 ,6),  (49, 38 ,3),  (50, 38 ,1),  (9, 39 ,1),  (35, 39 ,5),  
Queue1: (26, 26 ,1),   (3, 27 ,1),   
Queue5: (32, 26 ,1),   (27, 27 ,5),   
Queue4:Queue3: (44, 29 ,1),   
 (8, 30 ,5),   
Queue2: (14, 27 ,1),   
Time:31
Waiting clients: (40, 31 ,5),  (15, 32 ,5),  (25, 33 ,1),  (43, 33 ,4),  (31, 34 ,5),  (33, 34 ,5),  (7, 36 ,1),  (46, 36 ,4),  (29, 37 ,4),  (11, 38 ,1),  (18, 38 ,2),  (38, 38 ,4),  (41, 38 ,6),  (49, 38 ,3),  (50, 38 ,1),  (9, 39 ,1),  (35, 39 ,5),  
Queue1: (3, 27 ,1),   
Queue5: (27, 27 ,5),   
Queue4: (8, 30 ,4),   
Queue2: (40, 31 ,5),   
Time:32
Waiting clients: (15, 32 ,5),  (25, 33 ,1),  (43, 33 ,4),  (31, 34 ,5),  (33, 34 ,5),  (7, 36 ,1),  (46, 36 ,4),  (29, 37 ,4),  (11, 38 ,1),  (18, 38 ,2),  (38, 38 ,4),  (41, 38 ,6),  (49, 38 ,3),  (50, 38 ,1),  (9, 39 ,1),  (35, 39 ,5),  
Queue1: (15, 32 ,5),   
Queue5: (27, 27 ,4),   
Queue4: (8, 30 ,3),   
Time:33
Waiting clients: (25, 33 ,1),  (43, 33 ,4),  (31, 34 ,5),  (33, 34 ,5),  (7, 36 ,1),  (46, 36 ,4),  (29, 37 ,4),  (11, 38 ,1),  (18, 38 ,2),  (38, 38 ,4),  (41, 38 ,6),  (49, 38 ,3),  (50, 38 ,1),  (9, 39 ,1),  (35, 39 ,5),  
Queue2: (40, 31 ,4),   
Queue3: (25, 33 ,1),   
Queue1: (15, 32 ,4),   (43, 33 ,4),   
Queue5: (27, 27 ,3),   
Queue4: (8, 30 ,2),   
Time:34
Waiting clients: (31, 34 ,5),  (33, 34 ,5),  (7, 36 ,1),  (46, 36 ,4),  (29, 37 ,4),  (11, 38 ,1),  (18, 38 ,2),  (38, 38 ,4),  (41, 38 ,6),  (49, 38 ,3),  (50, 38 ,1),  (9, 39 ,1),  (35, 39 ,5),  
Queue2: (40, 31 ,3),   (33, 34 ,5),   
Queue3: (31, 34 ,5),   
Queue1: (15, 32 ,3),   (43, 33 ,4),   
Queue5: (27, 27 ,2),   
Time:35
Waiting clients: (7, 36 ,1),  (46, 36 ,4),  (29, 37 ,4),  (11, 38 ,1),  (18, 38 ,2),  (38, 38 ,4),  (41, 38 ,6),  (49, 38 ,3),  (50, 38 ,1),  (9, 39 ,1),  (35, 39 ,5),  
Queue4: (8, 30 ,1),   
Queue2: (40, 31 ,2),   (33, 34 ,5),   
Queue3: (31, 34 ,4),   
Queue1: (15, 32 ,2),   (43, 33 ,4),   
Queue5: (27, 27 ,1),   
Time:36
Waiting clients: (7, 36 ,1),  (46, 36 ,4),  (29, 37 ,4),  (11, 38 ,1),  (18, 38 ,2),  (38, 38 ,4),  (41, 38 ,6),  (49, 38 ,3),  (50, 38 ,1),  (9, 39 ,1),  (35, 39 ,5),  
Queue4: (7, 36 ,1),   
Queue2: (40, 31 ,1),   (33, 34 ,5),   
Queue3: (31, 34 ,3),   
Queue1: (15, 32 ,1),   (43, 33 ,4),   
Time:37
Waiting clients: (29, 37 ,4),  (11, 38 ,1),  (18, 38 ,2),  (38, 38 ,4),  (41, 38 ,6),  (49, 38 ,3),  (50, 38 ,1),  (9, 39 ,1),  (35, 39 ,5),  
Queue5: (46, 36 ,4),   
Queue4: (29, 37 ,4),   
Queue2: (33, 34 ,5),   
Queue3: (31, 34 ,2),   
Queue1: (43, 33 ,4),   
Time:38
Waiting clients: (11, 38 ,1),  (18, 38 ,2),  (38, 38 ,4),  (41, 38 ,6),  (49, 38 ,3),  (50, 38 ,1),  (9, 39 ,1),  (35, 39 ,5),  
Queue5: (46, 36 ,3),   (49, 38 ,3),   
Queue4: (29, 37 ,3),   (41, 38 ,6),   
Queue2: (33, 34 ,4),   (18, 38 ,2),   
Queue3: (31, 34 ,1),   (38, 38 ,4),   
Queue1: (43, 33 ,3),   (11, 38 ,1),   (50, 38 ,1),   
Time:39
Waiting clients: (9, 39 ,1),  (35, 39 ,5),  
Queue5: (46, 36 ,2),   (49, 38 ,3),   
Queue4: (29, 37 ,2),   (41, 38 ,6),   
Queue2: (33, 34 ,3),   (18, 38 ,2),   (35, 39 ,5),   
Queue3: (38, 38 ,4),   (9, 39 ,1),   
Time:40
Waiting clients: 
Queue1: (43, 33 ,2),   (11, 38 ,1),   (50, 38 ,1),   
Queue5: (46, 36 ,1),   (49, 38 ,3),   
Queue4: (29, 37 ,1),   (41, 38 ,6),   
Queue2: (33, 34 ,2),   (18, 38 ,2),   (35, 39 ,5),   
Queue3: (38, 38 ,3),   (9, 39 ,1),   
Time:41
Waiting clients: 
Queue1: (43, 33 ,1),   (11, 38 ,1),   (50, 38 ,1),   
Queue5: (49, 38 ,3),   
Queue4: (41, 38 ,6),   
Queue2: (33, 34 ,1),   (18, 38 ,2),   (35, 39 ,5),   
Queue3: (38, 38 ,2),   (9, 39 ,1),   
Time:42
Waiting clients: 
Queue1: (11, 38 ,1),   (50, 38 ,1),   
Queue5: (49, 38 ,2),   
Queue4: (41, 38 ,5),   
Time:43
Waiting clients: 
Queue2: (18, 38 ,2),   (35, 39 ,5),   
Queue3: (38, 38 ,1),   (9, 39 ,1),   
Queue1: (50, 38 ,1),   
Queue5: (49, 38 ,1),   
Queue4: (41, 38 ,4),   
Time:44
Waiting clients: 
Queue2:Queue3: (18, 38 ,1),   (35, 39 ,5),   
 (9, 39 ,1),   
Time:45
Waiting clients: 
Queue4: (41, 38 ,3),   
Queue2: (35, 39 ,5),   
Time:46
Waiting clients: 
Queue4: (41, 38 ,2),   
Queue2: (35, 39 ,4),   
Time:47
Waiting clients: 
Queue4: (41, 38 ,1),   
Queue2: (35, 39 ,3),   
Time:48
Waiting clients: 
Queue2: (35, 39 ,2),   
Time:49
Waiting clients: 
Queue2: (35, 39 ,1),   
Time:50
Waiting clients: 
Time:51
Waiting clients: 
Time:52
Waiting clients: 
Time:53
Waiting clients: 
Time:54
Waiting clients: 
Time:55
Waiting clients: 
Time:56
Waiting clients: 
Time:57
Waiting clients: 
Time:58
Waiting clients: 
Time:59
Waiting clients: 
Time:60
Waiting clients: 
